Averages over 5000 steps:
velocity: 0.782812
height: 0.000242
y: 0.030682
head_y: 0.017189
posture: 0.000598
torque: 11689.576812
pose_penalty: 0.383866
ang_velocity: 0.941913
action_rate: 34193.615103
survival bonus: 1.000000
